=== UC fact: StakingLagOneMonth rows by DateID, April 2026 ===
  DateID=20260407 rows=500142 cid=500142 sum=1605711.62 max_upd=2026-04-08T07:53:14.907Z
  DateID=20260409 rows=92004 cid=92004 sum=1413877.39 max_upd=2026-04-10T07:46:12.970Z

=== Synapse fact: StakingLagOneMonth rows by DateID, April 2026 ===
  DateID=20260407 rows=460055 cid=460055 sum=191834.24 max_upd=2026-05-01 07:53:27.020000
  DateID=20260409 rows=92004 cid=92004 sum=1413877.39 max_upd=2026-05-01 07:53:27.020000
